{
 "metadata": {
  "name": "",
  "signature": "sha256:dd0d9cd57a679eac9dbb872211e68245aea4fce4b6f6749c370d265a175cd2c3"
 },
 "nbformat": 3,
 "nbformat_minor": 0,
 "worksheets": [
  {
   "cells": [
    {
     "cell_type": "code",
     "collapsed": false,
     "input": [
      "%load_ext autoreload\n",
      "%autoreload 2"
     ],
     "language": "python",
     "metadata": {},
     "outputs": [],
     "prompt_number": 1
    },
    {
     "cell_type": "code",
     "collapsed": false,
     "input": [
      "import numpy as np\n",
      "import matplotlib.pyplot as plt\n",
      "from scipy import spatial"
     ],
     "language": "python",
     "metadata": {},
     "outputs": [],
     "prompt_number": 51
    },
    {
     "cell_type": "code",
     "collapsed": false,
     "input": [
      "standard_meshgrid=np.mgrid[0:1.1:0.1,0:1.1:0.1]\n",
      "standard_meshgrid"
     ],
     "language": "python",
     "metadata": {},
     "outputs": [
      {
       "metadata": {},
       "output_type": "pyout",
       "prompt_number": 20,
       "text": [
        "array([[[ 0. ,  0. ,  0. ,  0. ,  0. ,  0. ,  0. ,  0. ,  0. ,  0. ,  0. ],\n",
        "        [ 0.1,  0.1,  0.1,  0.1,  0.1,  0.1,  0.1,  0.1,  0.1,  0.1,  0.1],\n",
        "        [ 0.2,  0.2,  0.2,  0.2,  0.2,  0.2,  0.2,  0.2,  0.2,  0.2,  0.2],\n",
        "        [ 0.3,  0.3,  0.3,  0.3,  0.3,  0.3,  0.3,  0.3,  0.3,  0.3,  0.3],\n",
        "        [ 0.4,  0.4,  0.4,  0.4,  0.4,  0.4,  0.4,  0.4,  0.4,  0.4,  0.4],\n",
        "        [ 0.5,  0.5,  0.5,  0.5,  0.5,  0.5,  0.5,  0.5,  0.5,  0.5,  0.5],\n",
        "        [ 0.6,  0.6,  0.6,  0.6,  0.6,  0.6,  0.6,  0.6,  0.6,  0.6,  0.6],\n",
        "        [ 0.7,  0.7,  0.7,  0.7,  0.7,  0.7,  0.7,  0.7,  0.7,  0.7,  0.7],\n",
        "        [ 0.8,  0.8,  0.8,  0.8,  0.8,  0.8,  0.8,  0.8,  0.8,  0.8,  0.8],\n",
        "        [ 0.9,  0.9,  0.9,  0.9,  0.9,  0.9,  0.9,  0.9,  0.9,  0.9,  0.9],\n",
        "        [ 1. ,  1. ,  1. ,  1. ,  1. ,  1. ,  1. ,  1. ,  1. ,  1. ,  1. ]],\n",
        "\n",
        "       [[ 0. ,  0.1,  0.2,  0.3,  0.4,  0.5,  0.6,  0.7,  0.8,  0.9,  1. ],\n",
        "        [ 0. ,  0.1,  0.2,  0.3,  0.4,  0.5,  0.6,  0.7,  0.8,  0.9,  1. ],\n",
        "        [ 0. ,  0.1,  0.2,  0.3,  0.4,  0.5,  0.6,  0.7,  0.8,  0.9,  1. ],\n",
        "        [ 0. ,  0.1,  0.2,  0.3,  0.4,  0.5,  0.6,  0.7,  0.8,  0.9,  1. ],\n",
        "        [ 0. ,  0.1,  0.2,  0.3,  0.4,  0.5,  0.6,  0.7,  0.8,  0.9,  1. ],\n",
        "        [ 0. ,  0.1,  0.2,  0.3,  0.4,  0.5,  0.6,  0.7,  0.8,  0.9,  1. ],\n",
        "        [ 0. ,  0.1,  0.2,  0.3,  0.4,  0.5,  0.6,  0.7,  0.8,  0.9,  1. ],\n",
        "        [ 0. ,  0.1,  0.2,  0.3,  0.4,  0.5,  0.6,  0.7,  0.8,  0.9,  1. ],\n",
        "        [ 0. ,  0.1,  0.2,  0.3,  0.4,  0.5,  0.6,  0.7,  0.8,  0.9,  1. ],\n",
        "        [ 0. ,  0.1,  0.2,  0.3,  0.4,  0.5,  0.6,  0.7,  0.8,  0.9,  1. ],\n",
        "        [ 0. ,  0.1,  0.2,  0.3,  0.4,  0.5,  0.6,  0.7,  0.8,  0.9,  1. ]]])"
       ]
      }
     ],
     "prompt_number": 20
    },
    {
     "cell_type": "code",
     "collapsed": false,
     "input": [
      "origin_x=np.zeros((11,11))\n",
      "origin_y=np.zeros((11,11))\n",
      "crowder0=np.array((origin_x,origin_y))\n",
      "crowder0"
     ],
     "language": "python",
     "metadata": {},
     "outputs": [
      {
       "metadata": {},
       "output_type": "pyout",
       "prompt_number": 85,
       "text": [
        "array([[[ 0.,  0.,  0.,  0.,  0.,  0.,  0.,  0.,  0.,  0.,  0.],\n",
        "        [ 0.,  0.,  0.,  0.,  0.,  0.,  0.,  0.,  0.,  0.,  0.],\n",
        "        [ 0.,  0.,  0.,  0.,  0.,  0.,  0.,  0.,  0.,  0.,  0.],\n",
        "        [ 0.,  0.,  0.,  0.,  0.,  0.,  0.,  0.,  0.,  0.,  0.],\n",
        "        [ 0.,  0.,  0.,  0.,  0.,  0.,  0.,  0.,  0.,  0.,  0.],\n",
        "        [ 0.,  0.,  0.,  0.,  0.,  0.,  0.,  0.,  0.,  0.,  0.],\n",
        "        [ 0.,  0.,  0.,  0.,  0.,  0.,  0.,  0.,  0.,  0.,  0.],\n",
        "        [ 0.,  0.,  0.,  0.,  0.,  0.,  0.,  0.,  0.,  0.,  0.],\n",
        "        [ 0.,  0.,  0.,  0.,  0.,  0.,  0.,  0.,  0.,  0.,  0.],\n",
        "        [ 0.,  0.,  0.,  0.,  0.,  0.,  0.,  0.,  0.,  0.,  0.],\n",
        "        [ 0.,  0.,  0.,  0.,  0.,  0.,  0.,  0.,  0.,  0.,  0.]],\n",
        "\n",
        "       [[ 0.,  0.,  0.,  0.,  0.,  0.,  0.,  0.,  0.,  0.,  0.],\n",
        "        [ 0.,  0.,  0.,  0.,  0.,  0.,  0.,  0.,  0.,  0.,  0.],\n",
        "        [ 0.,  0.,  0.,  0.,  0.,  0.,  0.,  0.,  0.,  0.,  0.],\n",
        "        [ 0.,  0.,  0.,  0.,  0.,  0.,  0.,  0.,  0.,  0.,  0.],\n",
        "        [ 0.,  0.,  0.,  0.,  0.,  0.,  0.,  0.,  0.,  0.,  0.],\n",
        "        [ 0.,  0.,  0.,  0.,  0.,  0.,  0.,  0.,  0.,  0.,  0.],\n",
        "        [ 0.,  0.,  0.,  0.,  0.,  0.,  0.,  0.,  0.,  0.,  0.],\n",
        "        [ 0.,  0.,  0.,  0.,  0.,  0.,  0.,  0.,  0.,  0.,  0.],\n",
        "        [ 0.,  0.,  0.,  0.,  0.,  0.,  0.,  0.,  0.,  0.,  0.],\n",
        "        [ 0.,  0.,  0.,  0.,  0.,  0.,  0.,  0.,  0.,  0.,  0.],\n",
        "        [ 0.,  0.,  0.,  0.,  0.,  0.,  0.,  0.,  0.,  0.,  0.]]])"
       ]
      }
     ],
     "prompt_number": 85
    },
    {
     "cell_type": "code",
     "collapsed": false,
     "input": [
      "one_x=np.ones((11,11))\n",
      "one_y=np.ones((11,11))\n",
      "crowder1=np.array((origin_x,one_y))\n",
      "crowder2=np.array((one_x,origin_y))\n",
      "crowder3=np.array((one_x,one_y))"
     ],
     "language": "python",
     "metadata": {},
     "outputs": [],
     "prompt_number": 114
    },
    {
     "cell_type": "code",
     "collapsed": false,
     "input": [
      "dist0=np.linalg.norm(standard_meshgrid-crowder0, axis=0)\n",
      "dist0"
     ],
     "language": "python",
     "metadata": {},
     "outputs": [
      {
       "metadata": {},
       "output_type": "pyout",
       "prompt_number": 115,
       "text": [
        "array([[ 0.        ,  0.1       ,  0.2       ,  0.3       ,  0.4       ,\n",
        "         0.5       ,  0.6       ,  0.7       ,  0.8       ,  0.9       ,\n",
        "         1.        ],\n",
        "       [ 0.1       ,  0.14142136,  0.2236068 ,  0.31622777,  0.41231056,\n",
        "         0.50990195,  0.60827625,  0.70710678,  0.80622577,  0.90553851,\n",
        "         1.00498756],\n",
        "       [ 0.2       ,  0.2236068 ,  0.28284271,  0.36055513,  0.4472136 ,\n",
        "         0.53851648,  0.63245553,  0.72801099,  0.82462113,  0.92195445,\n",
        "         1.0198039 ],\n",
        "       [ 0.3       ,  0.31622777,  0.36055513,  0.42426407,  0.5       ,\n",
        "         0.58309519,  0.67082039,  0.76157731,  0.85440037,  0.9486833 ,\n",
        "         1.04403065],\n",
        "       [ 0.4       ,  0.41231056,  0.4472136 ,  0.5       ,  0.56568542,\n",
        "         0.64031242,  0.72111026,  0.80622577,  0.89442719,  0.98488578,\n",
        "         1.07703296],\n",
        "       [ 0.5       ,  0.50990195,  0.53851648,  0.58309519,  0.64031242,\n",
        "         0.70710678,  0.78102497,  0.86023253,  0.94339811,  1.02956301,\n",
        "         1.11803399],\n",
        "       [ 0.6       ,  0.60827625,  0.63245553,  0.67082039,  0.72111026,\n",
        "         0.78102497,  0.84852814,  0.92195445,  1.        ,  1.08166538,\n",
        "         1.16619038],\n",
        "       [ 0.7       ,  0.70710678,  0.72801099,  0.76157731,  0.80622577,\n",
        "         0.86023253,  0.92195445,  0.98994949,  1.06301458,  1.14017543,\n",
        "         1.22065556],\n",
        "       [ 0.8       ,  0.80622577,  0.82462113,  0.85440037,  0.89442719,\n",
        "         0.94339811,  1.        ,  1.06301458,  1.13137085,  1.20415946,\n",
        "         1.28062485],\n",
        "       [ 0.9       ,  0.90553851,  0.92195445,  0.9486833 ,  0.98488578,\n",
        "         1.02956301,  1.08166538,  1.14017543,  1.20415946,  1.27279221,\n",
        "         1.3453624 ],\n",
        "       [ 1.        ,  1.00498756,  1.0198039 ,  1.04403065,  1.07703296,\n",
        "         1.11803399,  1.16619038,  1.22065556,  1.28062485,  1.3453624 ,\n",
        "         1.41421356]])"
       ]
      }
     ],
     "prompt_number": 115
    },
    {
     "cell_type": "code",
     "collapsed": false,
     "input": [
      "standard_meshgrid[0,:]"
     ],
     "language": "python",
     "metadata": {},
     "outputs": [
      {
       "metadata": {},
       "output_type": "pyout",
       "prompt_number": 95,
       "text": [
        "array([[ 0. ,  0. ,  0. ,  0. ,  0. ,  0. ,  0. ,  0. ,  0. ,  0. ,  0. ],\n",
        "       [ 0.1,  0.1,  0.1,  0.1,  0.1,  0.1,  0.1,  0.1,  0.1,  0.1,  0.1],\n",
        "       [ 0.2,  0.2,  0.2,  0.2,  0.2,  0.2,  0.2,  0.2,  0.2,  0.2,  0.2],\n",
        "       [ 0.3,  0.3,  0.3,  0.3,  0.3,  0.3,  0.3,  0.3,  0.3,  0.3,  0.3],\n",
        "       [ 0.4,  0.4,  0.4,  0.4,  0.4,  0.4,  0.4,  0.4,  0.4,  0.4,  0.4],\n",
        "       [ 0.5,  0.5,  0.5,  0.5,  0.5,  0.5,  0.5,  0.5,  0.5,  0.5,  0.5],\n",
        "       [ 0.6,  0.6,  0.6,  0.6,  0.6,  0.6,  0.6,  0.6,  0.6,  0.6,  0.6],\n",
        "       [ 0.7,  0.7,  0.7,  0.7,  0.7,  0.7,  0.7,  0.7,  0.7,  0.7,  0.7],\n",
        "       [ 0.8,  0.8,  0.8,  0.8,  0.8,  0.8,  0.8,  0.8,  0.8,  0.8,  0.8],\n",
        "       [ 0.9,  0.9,  0.9,  0.9,  0.9,  0.9,  0.9,  0.9,  0.9,  0.9,  0.9],\n",
        "       [ 1. ,  1. ,  1. ,  1. ,  1. ,  1. ,  1. ,  1. ,  1. ,  1. ,  1. ]])"
       ]
      }
     ],
     "prompt_number": 95
    },
    {
     "cell_type": "code",
     "collapsed": false,
     "input": [
      "standard_meshgrid[1,:]"
     ],
     "language": "python",
     "metadata": {},
     "outputs": [
      {
       "metadata": {},
       "output_type": "pyout",
       "prompt_number": 96,
       "text": [
        "array([[ 0. ,  0.1,  0.2,  0.3,  0.4,  0.5,  0.6,  0.7,  0.8,  0.9,  1. ],\n",
        "       [ 0. ,  0.1,  0.2,  0.3,  0.4,  0.5,  0.6,  0.7,  0.8,  0.9,  1. ],\n",
        "       [ 0. ,  0.1,  0.2,  0.3,  0.4,  0.5,  0.6,  0.7,  0.8,  0.9,  1. ],\n",
        "       [ 0. ,  0.1,  0.2,  0.3,  0.4,  0.5,  0.6,  0.7,  0.8,  0.9,  1. ],\n",
        "       [ 0. ,  0.1,  0.2,  0.3,  0.4,  0.5,  0.6,  0.7,  0.8,  0.9,  1. ],\n",
        "       [ 0. ,  0.1,  0.2,  0.3,  0.4,  0.5,  0.6,  0.7,  0.8,  0.9,  1. ],\n",
        "       [ 0. ,  0.1,  0.2,  0.3,  0.4,  0.5,  0.6,  0.7,  0.8,  0.9,  1. ],\n",
        "       [ 0. ,  0.1,  0.2,  0.3,  0.4,  0.5,  0.6,  0.7,  0.8,  0.9,  1. ],\n",
        "       [ 0. ,  0.1,  0.2,  0.3,  0.4,  0.5,  0.6,  0.7,  0.8,  0.9,  1. ],\n",
        "       [ 0. ,  0.1,  0.2,  0.3,  0.4,  0.5,  0.6,  0.7,  0.8,  0.9,  1. ],\n",
        "       [ 0. ,  0.1,  0.2,  0.3,  0.4,  0.5,  0.6,  0.7,  0.8,  0.9,  1. ]])"
       ]
      }
     ],
     "prompt_number": 96
    },
    {
     "cell_type": "code",
     "collapsed": false,
     "input": [
      "dist_manual=np.sqrt((standard_meshgrid[0,:]-crowder0[0,:])**2+(standard_meshgrid[1,:]-crowder0[1,:])**2)\n",
      "dist_manual"
     ],
     "language": "python",
     "metadata": {},
     "outputs": [
      {
       "metadata": {},
       "output_type": "pyout",
       "prompt_number": 99,
       "text": [
        "array([[ 0.        ,  0.1       ,  0.2       ,  0.3       ,  0.4       ,\n",
        "         0.5       ,  0.6       ,  0.7       ,  0.8       ,  0.9       ,\n",
        "         1.        ],\n",
        "       [ 0.1       ,  0.14142136,  0.2236068 ,  0.31622777,  0.41231056,\n",
        "         0.50990195,  0.60827625,  0.70710678,  0.80622577,  0.90553851,\n",
        "         1.00498756],\n",
        "       [ 0.2       ,  0.2236068 ,  0.28284271,  0.36055513,  0.4472136 ,\n",
        "         0.53851648,  0.63245553,  0.72801099,  0.82462113,  0.92195445,\n",
        "         1.0198039 ],\n",
        "       [ 0.3       ,  0.31622777,  0.36055513,  0.42426407,  0.5       ,\n",
        "         0.58309519,  0.67082039,  0.76157731,  0.85440037,  0.9486833 ,\n",
        "         1.04403065],\n",
        "       [ 0.4       ,  0.41231056,  0.4472136 ,  0.5       ,  0.56568542,\n",
        "         0.64031242,  0.72111026,  0.80622577,  0.89442719,  0.98488578,\n",
        "         1.07703296],\n",
        "       [ 0.5       ,  0.50990195,  0.53851648,  0.58309519,  0.64031242,\n",
        "         0.70710678,  0.78102497,  0.86023253,  0.94339811,  1.02956301,\n",
        "         1.11803399],\n",
        "       [ 0.6       ,  0.60827625,  0.63245553,  0.67082039,  0.72111026,\n",
        "         0.78102497,  0.84852814,  0.92195445,  1.        ,  1.08166538,\n",
        "         1.16619038],\n",
        "       [ 0.7       ,  0.70710678,  0.72801099,  0.76157731,  0.80622577,\n",
        "         0.86023253,  0.92195445,  0.98994949,  1.06301458,  1.14017543,\n",
        "         1.22065556],\n",
        "       [ 0.8       ,  0.80622577,  0.82462113,  0.85440037,  0.89442719,\n",
        "         0.94339811,  1.        ,  1.06301458,  1.13137085,  1.20415946,\n",
        "         1.28062485],\n",
        "       [ 0.9       ,  0.90553851,  0.92195445,  0.9486833 ,  0.98488578,\n",
        "         1.02956301,  1.08166538,  1.14017543,  1.20415946,  1.27279221,\n",
        "         1.3453624 ],\n",
        "       [ 1.        ,  1.00498756,  1.0198039 ,  1.04403065,  1.07703296,\n",
        "         1.11803399,  1.16619038,  1.22065556,  1.28062485,  1.3453624 ,\n",
        "         1.41421356]])"
       ]
      }
     ],
     "prompt_number": 99
    },
    {
     "cell_type": "code",
     "collapsed": false,
     "input": [
      "dist1=np.linalg.norm(standard_meshgrid-crowder1, axis=0)\n",
      "dist1"
     ],
     "language": "python",
     "metadata": {},
     "outputs": [
      {
       "metadata": {},
       "output_type": "pyout",
       "prompt_number": 116,
       "text": [
        "array([[ 1.        ,  0.9       ,  0.8       ,  0.7       ,  0.6       ,\n",
        "         0.5       ,  0.4       ,  0.3       ,  0.2       ,  0.1       ,\n",
        "         0.        ],\n",
        "       [ 1.00498756,  0.90553851,  0.80622577,  0.70710678,  0.60827625,\n",
        "         0.50990195,  0.41231056,  0.31622777,  0.2236068 ,  0.14142136,\n",
        "         0.1       ],\n",
        "       [ 1.0198039 ,  0.92195445,  0.82462113,  0.72801099,  0.63245553,\n",
        "         0.53851648,  0.4472136 ,  0.36055513,  0.28284271,  0.2236068 ,\n",
        "         0.2       ],\n",
        "       [ 1.04403065,  0.9486833 ,  0.85440037,  0.76157731,  0.67082039,\n",
        "         0.58309519,  0.5       ,  0.42426407,  0.36055513,  0.31622777,\n",
        "         0.3       ],\n",
        "       [ 1.07703296,  0.98488578,  0.89442719,  0.80622577,  0.72111026,\n",
        "         0.64031242,  0.56568542,  0.5       ,  0.4472136 ,  0.41231056,\n",
        "         0.4       ],\n",
        "       [ 1.11803399,  1.02956301,  0.94339811,  0.86023253,  0.78102497,\n",
        "         0.70710678,  0.64031242,  0.58309519,  0.53851648,  0.50990195,\n",
        "         0.5       ],\n",
        "       [ 1.16619038,  1.08166538,  1.        ,  0.92195445,  0.84852814,\n",
        "         0.78102497,  0.72111026,  0.67082039,  0.63245553,  0.60827625,\n",
        "         0.6       ],\n",
        "       [ 1.22065556,  1.14017543,  1.06301458,  0.98994949,  0.92195445,\n",
        "         0.86023253,  0.80622577,  0.76157731,  0.72801099,  0.70710678,\n",
        "         0.7       ],\n",
        "       [ 1.28062485,  1.20415946,  1.13137085,  1.06301458,  1.        ,\n",
        "         0.94339811,  0.89442719,  0.85440037,  0.82462113,  0.80622577,\n",
        "         0.8       ],\n",
        "       [ 1.3453624 ,  1.27279221,  1.20415946,  1.14017543,  1.08166538,\n",
        "         1.02956301,  0.98488578,  0.9486833 ,  0.92195445,  0.90553851,\n",
        "         0.9       ],\n",
        "       [ 1.41421356,  1.3453624 ,  1.28062485,  1.22065556,  1.16619038,\n",
        "         1.11803399,  1.07703296,  1.04403065,  1.0198039 ,  1.00498756,\n",
        "         1.        ]])"
       ]
      }
     ],
     "prompt_number": 116
    },
    {
     "cell_type": "code",
     "collapsed": false,
     "input": [
      "dist2=np.linalg.norm(standard_meshgrid-crowder2, axis=0)\n",
      "dist2"
     ],
     "language": "python",
     "metadata": {},
     "outputs": [
      {
       "metadata": {},
       "output_type": "pyout",
       "prompt_number": 117,
       "text": [
        "array([[ 1.        ,  1.00498756,  1.0198039 ,  1.04403065,  1.07703296,\n",
        "         1.11803399,  1.16619038,  1.22065556,  1.28062485,  1.3453624 ,\n",
        "         1.41421356],\n",
        "       [ 0.9       ,  0.90553851,  0.92195445,  0.9486833 ,  0.98488578,\n",
        "         1.02956301,  1.08166538,  1.14017543,  1.20415946,  1.27279221,\n",
        "         1.3453624 ],\n",
        "       [ 0.8       ,  0.80622577,  0.82462113,  0.85440037,  0.89442719,\n",
        "         0.94339811,  1.        ,  1.06301458,  1.13137085,  1.20415946,\n",
        "         1.28062485],\n",
        "       [ 0.7       ,  0.70710678,  0.72801099,  0.76157731,  0.80622577,\n",
        "         0.86023253,  0.92195445,  0.98994949,  1.06301458,  1.14017543,\n",
        "         1.22065556],\n",
        "       [ 0.6       ,  0.60827625,  0.63245553,  0.67082039,  0.72111026,\n",
        "         0.78102497,  0.84852814,  0.92195445,  1.        ,  1.08166538,\n",
        "         1.16619038],\n",
        "       [ 0.5       ,  0.50990195,  0.53851648,  0.58309519,  0.64031242,\n",
        "         0.70710678,  0.78102497,  0.86023253,  0.94339811,  1.02956301,\n",
        "         1.11803399],\n",
        "       [ 0.4       ,  0.41231056,  0.4472136 ,  0.5       ,  0.56568542,\n",
        "         0.64031242,  0.72111026,  0.80622577,  0.89442719,  0.98488578,\n",
        "         1.07703296],\n",
        "       [ 0.3       ,  0.31622777,  0.36055513,  0.42426407,  0.5       ,\n",
        "         0.58309519,  0.67082039,  0.76157731,  0.85440037,  0.9486833 ,\n",
        "         1.04403065],\n",
        "       [ 0.2       ,  0.2236068 ,  0.28284271,  0.36055513,  0.4472136 ,\n",
        "         0.53851648,  0.63245553,  0.72801099,  0.82462113,  0.92195445,\n",
        "         1.0198039 ],\n",
        "       [ 0.1       ,  0.14142136,  0.2236068 ,  0.31622777,  0.41231056,\n",
        "         0.50990195,  0.60827625,  0.70710678,  0.80622577,  0.90553851,\n",
        "         1.00498756],\n",
        "       [ 0.        ,  0.1       ,  0.2       ,  0.3       ,  0.4       ,\n",
        "         0.5       ,  0.6       ,  0.7       ,  0.8       ,  0.9       ,\n",
        "         1.        ]])"
       ]
      }
     ],
     "prompt_number": 117
    },
    {
     "cell_type": "code",
     "collapsed": false,
     "input": [
      "dist3=np.linalg.norm(standard_meshgrid-crowder3, axis=0)\n",
      "dist3"
     ],
     "language": "python",
     "metadata": {},
     "outputs": [
      {
       "metadata": {},
       "output_type": "pyout",
       "prompt_number": 118,
       "text": [
        "array([[ 1.41421356,  1.3453624 ,  1.28062485,  1.22065556,  1.16619038,\n",
        "         1.11803399,  1.07703296,  1.04403065,  1.0198039 ,  1.00498756,\n",
        "         1.        ],\n",
        "       [ 1.3453624 ,  1.27279221,  1.20415946,  1.14017543,  1.08166538,\n",
        "         1.02956301,  0.98488578,  0.9486833 ,  0.92195445,  0.90553851,\n",
        "         0.9       ],\n",
        "       [ 1.28062485,  1.20415946,  1.13137085,  1.06301458,  1.        ,\n",
        "         0.94339811,  0.89442719,  0.85440037,  0.82462113,  0.80622577,\n",
        "         0.8       ],\n",
        "       [ 1.22065556,  1.14017543,  1.06301458,  0.98994949,  0.92195445,\n",
        "         0.86023253,  0.80622577,  0.76157731,  0.72801099,  0.70710678,\n",
        "         0.7       ],\n",
        "       [ 1.16619038,  1.08166538,  1.        ,  0.92195445,  0.84852814,\n",
        "         0.78102497,  0.72111026,  0.67082039,  0.63245553,  0.60827625,\n",
        "         0.6       ],\n",
        "       [ 1.11803399,  1.02956301,  0.94339811,  0.86023253,  0.78102497,\n",
        "         0.70710678,  0.64031242,  0.58309519,  0.53851648,  0.50990195,\n",
        "         0.5       ],\n",
        "       [ 1.07703296,  0.98488578,  0.89442719,  0.80622577,  0.72111026,\n",
        "         0.64031242,  0.56568542,  0.5       ,  0.4472136 ,  0.41231056,\n",
        "         0.4       ],\n",
        "       [ 1.04403065,  0.9486833 ,  0.85440037,  0.76157731,  0.67082039,\n",
        "         0.58309519,  0.5       ,  0.42426407,  0.36055513,  0.31622777,\n",
        "         0.3       ],\n",
        "       [ 1.0198039 ,  0.92195445,  0.82462113,  0.72801099,  0.63245553,\n",
        "         0.53851648,  0.4472136 ,  0.36055513,  0.28284271,  0.2236068 ,\n",
        "         0.2       ],\n",
        "       [ 1.00498756,  0.90553851,  0.80622577,  0.70710678,  0.60827625,\n",
        "         0.50990195,  0.41231056,  0.31622777,  0.2236068 ,  0.14142136,\n",
        "         0.1       ],\n",
        "       [ 1.        ,  0.9       ,  0.8       ,  0.7       ,  0.6       ,\n",
        "         0.5       ,  0.4       ,  0.3       ,  0.2       ,  0.1       ,\n",
        "         0.        ]])"
       ]
      }
     ],
     "prompt_number": 118
    },
    {
     "cell_type": "code",
     "collapsed": false,
     "input": [
      "b=23. # [nm]\n",
      "V=b**3\n",
      "k=0.3*b\n",
      "u_0_rep=5.*300*1.3806*10**-23 #*kT\n",
      "u_0_att=-5.*300*1.3806*10**-23 #*kT\n",
      "k"
     ],
     "language": "python",
     "metadata": {},
     "outputs": [
      {
       "metadata": {},
       "output_type": "pyout",
       "prompt_number": 157,
       "text": [
        "6.8999999999999995"
       ]
      }
     ],
     "prompt_number": 157
    },
    {
     "cell_type": "code",
     "collapsed": false,
     "input": [
      "u_e_rep0=u_0_rep*exp(-dist0/k)\n",
      "u_e_rep0"
     ],
     "language": "python",
     "metadata": {},
     "outputs": [
      {
       "metadata": {},
       "output_type": "pyout",
       "prompt_number": 158,
       "text": [
        "array([[  2.07090000e-20,   2.04110340e-20,   2.01173551e-20,\n",
        "          1.98279018e-20,   1.95426132e-20,   1.92614294e-20,\n",
        "          1.89842914e-20,   1.87111408e-20,   1.84419205e-20,\n",
        "          1.81765737e-20,   1.79150448e-20],\n",
        "       [  2.04110340e-20,   2.02888716e-20,   2.00486457e-20,\n",
        "          1.97813243e-20,   1.95077775e-20,   1.92338078e-20,\n",
        "          1.89615342e-20,   1.86918789e-20,   1.84252881e-20,\n",
        "          1.81619895e-20,   1.79020999e-20],\n",
        "       [  2.01173551e-20,   2.00486457e-20,   1.98772665e-20,\n",
        "          1.96546514e-20,   1.94093484e-20,   1.91542097e-20,\n",
        "          1.88952046e-20,   1.86353357e-20,   1.83762318e-20,\n",
        "          1.81188313e-20,   1.78637000e-20],\n",
        "       [  1.98279018e-20,   1.97813243e-20,   1.96546514e-20,\n",
        "          1.94740117e-20,   1.92614294e-20,   1.90308594e-20,\n",
        "          1.87904365e-20,   1.85449009e-20,   1.82970940e-20,\n",
        "          1.80487793e-20,   1.78010883e-20],\n",
        "       [  1.95426132e-20,   1.95077775e-20,   1.94093484e-20,\n",
        "          1.92614294e-20,   1.90789378e-20,   1.88737013e-20,\n",
        "          1.86539824e-20,   1.84252881e-20,   1.81912600e-20,\n",
        "          1.79543301e-20,   1.77161500e-20],\n",
        "       [  1.92614294e-20,   1.92338078e-20,   1.91542097e-20,\n",
        "          1.90308594e-20,   1.88737013e-20,   1.86918789e-20,\n",
        "          1.84927056e-20,   1.82816351e-20,   1.80626094e-20,\n",
        "          1.78384521e-20,   1.76111897e-20],\n",
        "       [  1.89842914e-20,   1.89615342e-20,   1.88952046e-20,\n",
        "          1.87904365e-20,   1.86539824e-20,   1.84927056e-20,\n",
        "          1.83126723e-20,   1.81188313e-20,   1.79150448e-20,\n",
        "          1.77042600e-20,   1.74887058e-20],\n",
        "       [  1.87111408e-20,   1.86918789e-20,   1.86353357e-20,\n",
        "          1.85449009e-20,   1.84252881e-20,   1.82816351e-20,\n",
        "          1.81188313e-20,   1.79411588e-20,   1.77521796e-20,\n",
        "          1.75547676e-20,   1.73512020e-20],\n",
        "       [  1.84419205e-20,   1.84252881e-20,   1.83762318e-20,\n",
        "          1.82970940e-20,   1.81912600e-20,   1.80626094e-20,\n",
        "          1.79150448e-20,   1.77521796e-20,   1.75771823e-20,\n",
        "          1.73927339e-20,   1.72010527e-20],\n",
        "       [  1.81765737e-20,   1.81619895e-20,   1.81188313e-20,\n",
        "          1.80487793e-20,   1.79543301e-20,   1.78384521e-20,\n",
        "          1.77042600e-20,   1.75547676e-20,   1.73927339e-20,\n",
        "          1.72205898e-20,   1.70404227e-20],\n",
        "       [  1.79150448e-20,   1.79020999e-20,   1.78637000e-20,\n",
        "          1.78010883e-20,   1.77161500e-20,   1.76111897e-20,\n",
        "          1.74887058e-20,   1.73512020e-20,   1.72010527e-20,\n",
        "          1.70404227e-20,   1.68712316e-20]])"
       ]
      }
     ],
     "prompt_number": 158
    },
    {
     "cell_type": "code",
     "collapsed": false,
     "input": [
      "u_e_att0=u_0_att*exp(-dist0/k)\n",
      "u_e_att0"
     ],
     "language": "python",
     "metadata": {},
     "outputs": [
      {
       "metadata": {},
       "output_type": "pyout",
       "prompt_number": 159,
       "text": [
        "array([[ -2.07090000e-20,  -2.04110340e-20,  -2.01173551e-20,\n",
        "         -1.98279018e-20,  -1.95426132e-20,  -1.92614294e-20,\n",
        "         -1.89842914e-20,  -1.87111408e-20,  -1.84419205e-20,\n",
        "         -1.81765737e-20,  -1.79150448e-20],\n",
        "       [ -2.04110340e-20,  -2.02888716e-20,  -2.00486457e-20,\n",
        "         -1.97813243e-20,  -1.95077775e-20,  -1.92338078e-20,\n",
        "         -1.89615342e-20,  -1.86918789e-20,  -1.84252881e-20,\n",
        "         -1.81619895e-20,  -1.79020999e-20],\n",
        "       [ -2.01173551e-20,  -2.00486457e-20,  -1.98772665e-20,\n",
        "         -1.96546514e-20,  -1.94093484e-20,  -1.91542097e-20,\n",
        "         -1.88952046e-20,  -1.86353357e-20,  -1.83762318e-20,\n",
        "         -1.81188313e-20,  -1.78637000e-20],\n",
        "       [ -1.98279018e-20,  -1.97813243e-20,  -1.96546514e-20,\n",
        "         -1.94740117e-20,  -1.92614294e-20,  -1.90308594e-20,\n",
        "         -1.87904365e-20,  -1.85449009e-20,  -1.82970940e-20,\n",
        "         -1.80487793e-20,  -1.78010883e-20],\n",
        "       [ -1.95426132e-20,  -1.95077775e-20,  -1.94093484e-20,\n",
        "         -1.92614294e-20,  -1.90789378e-20,  -1.88737013e-20,\n",
        "         -1.86539824e-20,  -1.84252881e-20,  -1.81912600e-20,\n",
        "         -1.79543301e-20,  -1.77161500e-20],\n",
        "       [ -1.92614294e-20,  -1.92338078e-20,  -1.91542097e-20,\n",
        "         -1.90308594e-20,  -1.88737013e-20,  -1.86918789e-20,\n",
        "         -1.84927056e-20,  -1.82816351e-20,  -1.80626094e-20,\n",
        "         -1.78384521e-20,  -1.76111897e-20],\n",
        "       [ -1.89842914e-20,  -1.89615342e-20,  -1.88952046e-20,\n",
        "         -1.87904365e-20,  -1.86539824e-20,  -1.84927056e-20,\n",
        "         -1.83126723e-20,  -1.81188313e-20,  -1.79150448e-20,\n",
        "         -1.77042600e-20,  -1.74887058e-20],\n",
        "       [ -1.87111408e-20,  -1.86918789e-20,  -1.86353357e-20,\n",
        "         -1.85449009e-20,  -1.84252881e-20,  -1.82816351e-20,\n",
        "         -1.81188313e-20,  -1.79411588e-20,  -1.77521796e-20,\n",
        "         -1.75547676e-20,  -1.73512020e-20],\n",
        "       [ -1.84419205e-20,  -1.84252881e-20,  -1.83762318e-20,\n",
        "         -1.82970940e-20,  -1.81912600e-20,  -1.80626094e-20,\n",
        "         -1.79150448e-20,  -1.77521796e-20,  -1.75771823e-20,\n",
        "         -1.73927339e-20,  -1.72010527e-20],\n",
        "       [ -1.81765737e-20,  -1.81619895e-20,  -1.81188313e-20,\n",
        "         -1.80487793e-20,  -1.79543301e-20,  -1.78384521e-20,\n",
        "         -1.77042600e-20,  -1.75547676e-20,  -1.73927339e-20,\n",
        "         -1.72205898e-20,  -1.70404227e-20],\n",
        "       [ -1.79150448e-20,  -1.79020999e-20,  -1.78637000e-20,\n",
        "         -1.78010883e-20,  -1.77161500e-20,  -1.76111897e-20,\n",
        "         -1.74887058e-20,  -1.73512020e-20,  -1.72010527e-20,\n",
        "         -1.70404227e-20,  -1.68712316e-20]])"
       ]
      }
     ],
     "prompt_number": 159
    },
    {
     "cell_type": "code",
     "collapsed": false,
     "input": [
      "u_e_rep1=u_0_rep*exp(-dist1/k)\n",
      "u_e_rep1"
     ],
     "language": "python",
     "metadata": {},
     "outputs": [
      {
       "metadata": {},
       "output_type": "pyout",
       "prompt_number": 160,
       "text": [
        "array([[  1.79150448e-20,   1.81765737e-20,   1.84419205e-20,\n",
        "          1.87111408e-20,   1.89842914e-20,   1.92614294e-20,\n",
        "          1.95426132e-20,   1.98279018e-20,   2.01173551e-20,\n",
        "          2.04110340e-20,   2.07090000e-20],\n",
        "       [  1.79020999e-20,   1.81619895e-20,   1.84252881e-20,\n",
        "          1.86918789e-20,   1.89615342e-20,   1.92338078e-20,\n",
        "          1.95077775e-20,   1.97813243e-20,   2.00486457e-20,\n",
        "          2.02888716e-20,   2.04110340e-20],\n",
        "       [  1.78637000e-20,   1.81188313e-20,   1.83762318e-20,\n",
        "          1.86353357e-20,   1.88952046e-20,   1.91542097e-20,\n",
        "          1.94093484e-20,   1.96546514e-20,   1.98772665e-20,\n",
        "          2.00486457e-20,   2.01173551e-20],\n",
        "       [  1.78010883e-20,   1.80487793e-20,   1.82970940e-20,\n",
        "          1.85449009e-20,   1.87904365e-20,   1.90308594e-20,\n",
        "          1.92614294e-20,   1.94740117e-20,   1.96546514e-20,\n",
        "          1.97813243e-20,   1.98279018e-20],\n",
        "       [  1.77161500e-20,   1.79543301e-20,   1.81912600e-20,\n",
        "          1.84252881e-20,   1.86539824e-20,   1.88737013e-20,\n",
        "          1.90789378e-20,   1.92614294e-20,   1.94093484e-20,\n",
        "          1.95077775e-20,   1.95426132e-20],\n",
        "       [  1.76111897e-20,   1.78384521e-20,   1.80626094e-20,\n",
        "          1.82816351e-20,   1.84927056e-20,   1.86918789e-20,\n",
        "          1.88737013e-20,   1.90308594e-20,   1.91542097e-20,\n",
        "          1.92338078e-20,   1.92614294e-20],\n",
        "       [  1.74887058e-20,   1.77042600e-20,   1.79150448e-20,\n",
        "          1.81188313e-20,   1.83126723e-20,   1.84927056e-20,\n",
        "          1.86539824e-20,   1.87904365e-20,   1.88952046e-20,\n",
        "          1.89615342e-20,   1.89842914e-20],\n",
        "       [  1.73512020e-20,   1.75547676e-20,   1.77521796e-20,\n",
        "          1.79411588e-20,   1.81188313e-20,   1.82816351e-20,\n",
        "          1.84252881e-20,   1.85449009e-20,   1.86353357e-20,\n",
        "          1.86918789e-20,   1.87111408e-20],\n",
        "       [  1.72010527e-20,   1.73927339e-20,   1.75771823e-20,\n",
        "          1.77521796e-20,   1.79150448e-20,   1.80626094e-20,\n",
        "          1.81912600e-20,   1.82970940e-20,   1.83762318e-20,\n",
        "          1.84252881e-20,   1.84419205e-20],\n",
        "       [  1.70404227e-20,   1.72205898e-20,   1.73927339e-20,\n",
        "          1.75547676e-20,   1.77042600e-20,   1.78384521e-20,\n",
        "          1.79543301e-20,   1.80487793e-20,   1.81188313e-20,\n",
        "          1.81619895e-20,   1.81765737e-20],\n",
        "       [  1.68712316e-20,   1.70404227e-20,   1.72010527e-20,\n",
        "          1.73512020e-20,   1.74887058e-20,   1.76111897e-20,\n",
        "          1.77161500e-20,   1.78010883e-20,   1.78637000e-20,\n",
        "          1.79020999e-20,   1.79150448e-20]])"
       ]
      }
     ],
     "prompt_number": 160
    },
    {
     "cell_type": "code",
     "collapsed": false,
     "input": [
      "u_e_att1=u_0_att*exp(-dist1/k)\n",
      "u_e_att1"
     ],
     "language": "python",
     "metadata": {},
     "outputs": [
      {
       "metadata": {},
       "output_type": "pyout",
       "prompt_number": 161,
       "text": [
        "array([[ -1.79150448e-20,  -1.81765737e-20,  -1.84419205e-20,\n",
        "         -1.87111408e-20,  -1.89842914e-20,  -1.92614294e-20,\n",
        "         -1.95426132e-20,  -1.98279018e-20,  -2.01173551e-20,\n",
        "         -2.04110340e-20,  -2.07090000e-20],\n",
        "       [ -1.79020999e-20,  -1.81619895e-20,  -1.84252881e-20,\n",
        "         -1.86918789e-20,  -1.89615342e-20,  -1.92338078e-20,\n",
        "         -1.95077775e-20,  -1.97813243e-20,  -2.00486457e-20,\n",
        "         -2.02888716e-20,  -2.04110340e-20],\n",
        "       [ -1.78637000e-20,  -1.81188313e-20,  -1.83762318e-20,\n",
        "         -1.86353357e-20,  -1.88952046e-20,  -1.91542097e-20,\n",
        "         -1.94093484e-20,  -1.96546514e-20,  -1.98772665e-20,\n",
        "         -2.00486457e-20,  -2.01173551e-20],\n",
        "       [ -1.78010883e-20,  -1.80487793e-20,  -1.82970940e-20,\n",
        "         -1.85449009e-20,  -1.87904365e-20,  -1.90308594e-20,\n",
        "         -1.92614294e-20,  -1.94740117e-20,  -1.96546514e-20,\n",
        "         -1.97813243e-20,  -1.98279018e-20],\n",
        "       [ -1.77161500e-20,  -1.79543301e-20,  -1.81912600e-20,\n",
        "         -1.84252881e-20,  -1.86539824e-20,  -1.88737013e-20,\n",
        "         -1.90789378e-20,  -1.92614294e-20,  -1.94093484e-20,\n",
        "         -1.95077775e-20,  -1.95426132e-20],\n",
        "       [ -1.76111897e-20,  -1.78384521e-20,  -1.80626094e-20,\n",
        "         -1.82816351e-20,  -1.84927056e-20,  -1.86918789e-20,\n",
        "         -1.88737013e-20,  -1.90308594e-20,  -1.91542097e-20,\n",
        "         -1.92338078e-20,  -1.92614294e-20],\n",
        "       [ -1.74887058e-20,  -1.77042600e-20,  -1.79150448e-20,\n",
        "         -1.81188313e-20,  -1.83126723e-20,  -1.84927056e-20,\n",
        "         -1.86539824e-20,  -1.87904365e-20,  -1.88952046e-20,\n",
        "         -1.89615342e-20,  -1.89842914e-20],\n",
        "       [ -1.73512020e-20,  -1.75547676e-20,  -1.77521796e-20,\n",
        "         -1.79411588e-20,  -1.81188313e-20,  -1.82816351e-20,\n",
        "         -1.84252881e-20,  -1.85449009e-20,  -1.86353357e-20,\n",
        "         -1.86918789e-20,  -1.87111408e-20],\n",
        "       [ -1.72010527e-20,  -1.73927339e-20,  -1.75771823e-20,\n",
        "         -1.77521796e-20,  -1.79150448e-20,  -1.80626094e-20,\n",
        "         -1.81912600e-20,  -1.82970940e-20,  -1.83762318e-20,\n",
        "         -1.84252881e-20,  -1.84419205e-20],\n",
        "       [ -1.70404227e-20,  -1.72205898e-20,  -1.73927339e-20,\n",
        "         -1.75547676e-20,  -1.77042600e-20,  -1.78384521e-20,\n",
        "         -1.79543301e-20,  -1.80487793e-20,  -1.81188313e-20,\n",
        "         -1.81619895e-20,  -1.81765737e-20],\n",
        "       [ -1.68712316e-20,  -1.70404227e-20,  -1.72010527e-20,\n",
        "         -1.73512020e-20,  -1.74887058e-20,  -1.76111897e-20,\n",
        "         -1.77161500e-20,  -1.78010883e-20,  -1.78637000e-20,\n",
        "         -1.79020999e-20,  -1.79150448e-20]])"
       ]
      }
     ],
     "prompt_number": 161
    },
    {
     "cell_type": "code",
     "collapsed": false,
     "input": [
      "u_e_rep2=u_0_rep*exp(-dist2/k)\n",
      "u_e_rep2"
     ],
     "language": "python",
     "metadata": {},
     "outputs": [
      {
       "metadata": {},
       "output_type": "pyout",
       "prompt_number": 162,
       "text": [
        "array([[  1.79150448e-20,   1.79020999e-20,   1.78637000e-20,\n",
        "          1.78010883e-20,   1.77161500e-20,   1.76111897e-20,\n",
        "          1.74887058e-20,   1.73512020e-20,   1.72010527e-20,\n",
        "          1.70404227e-20,   1.68712316e-20],\n",
        "       [  1.81765737e-20,   1.81619895e-20,   1.81188313e-20,\n",
        "          1.80487793e-20,   1.79543301e-20,   1.78384521e-20,\n",
        "          1.77042600e-20,   1.75547676e-20,   1.73927339e-20,\n",
        "          1.72205898e-20,   1.70404227e-20],\n",
        "       [  1.84419205e-20,   1.84252881e-20,   1.83762318e-20,\n",
        "          1.82970940e-20,   1.81912600e-20,   1.80626094e-20,\n",
        "          1.79150448e-20,   1.77521796e-20,   1.75771823e-20,\n",
        "          1.73927339e-20,   1.72010527e-20],\n",
        "       [  1.87111408e-20,   1.86918789e-20,   1.86353357e-20,\n",
        "          1.85449009e-20,   1.84252881e-20,   1.82816351e-20,\n",
        "          1.81188313e-20,   1.79411588e-20,   1.77521796e-20,\n",
        "          1.75547676e-20,   1.73512020e-20],\n",
        "       [  1.89842914e-20,   1.89615342e-20,   1.88952046e-20,\n",
        "          1.87904365e-20,   1.86539824e-20,   1.84927056e-20,\n",
        "          1.83126723e-20,   1.81188313e-20,   1.79150448e-20,\n",
        "          1.77042600e-20,   1.74887058e-20],\n",
        "       [  1.92614294e-20,   1.92338078e-20,   1.91542097e-20,\n",
        "          1.90308594e-20,   1.88737013e-20,   1.86918789e-20,\n",
        "          1.84927056e-20,   1.82816351e-20,   1.80626094e-20,\n",
        "          1.78384521e-20,   1.76111897e-20],\n",
        "       [  1.95426132e-20,   1.95077775e-20,   1.94093484e-20,\n",
        "          1.92614294e-20,   1.90789378e-20,   1.88737013e-20,\n",
        "          1.86539824e-20,   1.84252881e-20,   1.81912600e-20,\n",
        "          1.79543301e-20,   1.77161500e-20],\n",
        "       [  1.98279018e-20,   1.97813243e-20,   1.96546514e-20,\n",
        "          1.94740117e-20,   1.92614294e-20,   1.90308594e-20,\n",
        "          1.87904365e-20,   1.85449009e-20,   1.82970940e-20,\n",
        "          1.80487793e-20,   1.78010883e-20],\n",
        "       [  2.01173551e-20,   2.00486457e-20,   1.98772665e-20,\n",
        "          1.96546514e-20,   1.94093484e-20,   1.91542097e-20,\n",
        "          1.88952046e-20,   1.86353357e-20,   1.83762318e-20,\n",
        "          1.81188313e-20,   1.78637000e-20],\n",
        "       [  2.04110340e-20,   2.02888716e-20,   2.00486457e-20,\n",
        "          1.97813243e-20,   1.95077775e-20,   1.92338078e-20,\n",
        "          1.89615342e-20,   1.86918789e-20,   1.84252881e-20,\n",
        "          1.81619895e-20,   1.79020999e-20],\n",
        "       [  2.07090000e-20,   2.04110340e-20,   2.01173551e-20,\n",
        "          1.98279018e-20,   1.95426132e-20,   1.92614294e-20,\n",
        "          1.89842914e-20,   1.87111408e-20,   1.84419205e-20,\n",
        "          1.81765737e-20,   1.79150448e-20]])"
       ]
      }
     ],
     "prompt_number": 162
    },
    {
     "cell_type": "code",
     "collapsed": false,
     "input": [
      "u_e_att2=u_0_att*exp(-dist2/k)\n",
      "u_e_att2"
     ],
     "language": "python",
     "metadata": {},
     "outputs": [
      {
       "metadata": {},
       "output_type": "pyout",
       "prompt_number": 163,
       "text": [
        "array([[ -1.79150448e-20,  -1.79020999e-20,  -1.78637000e-20,\n",
